100.0 41.7 100.0 41.7 100.0 44.4 100.0 52.8 100.0 75.0 100.0 83.3 100.0 86.1 100.0 86.1
100.0 83.3 100.0 87.0 100.0 92.6 100.0 92.6 100.0 94.4 100.0 98.1 100.0 98.1 100.0 98.1
100.0 87.5 100.0 91.1 100.0 94.6 100.0 98.2 85.7 98.2 85.7 100.0 85.7 100.0 85.7 100.0
100.0 59.6 100.0 61.5 66.7 69.2 66.7 96.2 66.7 96.2 66.7 98.1 66.7 98.1 66.7 98.1
100.0 84.2 100.0 84.2 100.0 89.5 100.0 89.5 100.0 89.5 100.0 92.1 100.0 94.7 100.0 97.4
100.0 91.8 100.0 93.9 100.0 95.9 100.0 98.0 100.0 98.0 100.0 98.0 100.0 98.0 100.0 98.0
100.0 90.5 100.0 92.9 100.0 92.9 100.0 95.2 100.0 95.2 100.0 95.2 100.0 100.0 100.0 100.0
100.0 94.5 100.0 94.5 100.0 96.4 100.0 96.4 100.0 100.0 0.0 100.0 0.0 100.0 0.0 100.0
100.0 90.2 100.0 90.2 100.0 96.1 100.0 96.1 100.0 100.0 100.0 100.0 100.0 100.0 100.0 100.0
100.0 95.1 100.0 100.0 100.0 100.0 83.3 100.0 83.3 100.0 83.3 100.0 83.3 100.0 66.7 100.0
100.0 92.1 100.0 92.1 100.0 95.2 100.0 95.2 85.7 96.8 85.7 96.8 71.4 96.8 71.4 98.4
100.0 84.6 90.0 87.2 90.0 89.7 90.0 89.7 90.0 92.3 80.0 92.3 80.0 94.9 80.0 97.4
100.0 83.9 100.0 87.1 100.0 87.1 100.0 87.1 100.0 90.3 50.0 90.3 50.0 93.5 50.0 93.5
100.0 27.7 100.0 27.7 100.0 49.2 100.0 56.9 100.0 73.8 100.0 81.5 100.0 95.4 100.0 100.0
100.0 86.1 100.0 88.9 100.0 94.4 100.0 97.2 100.0 97.2 100.0 97.2 100.0 97.2 77.8 100.0
100.0 91.3 100.0 91.3 100.0 93.5 100.0 100.0 100.0 100.0 100.0 100.0 100.0 100.0 100.0 100.0
85.7 70.4 85.7 70.4 71.4 74.1 71.4 85.2 57.1 85.2 57.1 92.6 42.9 92.6 42.9 96.3
0.0 100.0 0.0 100.0 0.0 100.0 0.0 100.0 0.0 100.0 0.0 100.0 0.0 100.0 0.0 100.0
100.0 73.3 100.0 73.3 100.0 83.3 100.0 83.3 100.0 86.7 100.0 96.7 100.0 96.7 100.0 96.7
100.0 88.9 100.0 88.9 100.0 94.4 100.0 97.2 75.0 97.2 75.0 97.2 75.0 100.0 50.0 100.0
100.0 74.2 100.0 74.2 100.0 77.4 100.0 80.6 100.0 83.9 100.0 90.3 100.0 90.3 100.0 90.3



set of thresholds is: 1   2   5  10  20  30  40  50
[TPR,TNR,(3*TPR+TNR)/4] pairs of results (averaged over datasets, one pair per threshold):

mean
94.6 94.1 91.8 91.0 87.8 80.2 78.8 75.8
80.5 81.8 86.2 89.9 92.9 95.2 96.8 97.6
91.0 91.0 90.4 90.7 89.1 83.9 83.3 81.2

median
100.0 100.0 100.0 100.0 100.0 100.0 100.0 85.7
86.1 88.9 92.9 95.2 96.2 97.2 98.0 98.4
96.2 96.8 98.1 97.4 96.0 95.4 96.5 89.3
